1101 1
1000 1
1548 1
880 2
1087 1
978 1
1329 1
1366 1
1172 1
1036 2
1590 1
1156 1
759 1
1197 1
1306 1
1268 1
801 2
1405 1
1610 1
1260 1
1105 1
901 1
648 1
1146 1
1169 1
1015 1
871 1
1254 1
1667 1
1496 1
1317 1
1536 1
1239 1
1077 1
977 1
1324 1
1651 1
758 2
1359 1
829 1
1003 1
904 2
939 2
943 1
1521 1
1535 1
1184 1
1255 1
1527 1
1292 1
1206 1
1232 1
1147 2
1008 1
813 2
1123 1
1501 1
1479 1
804 2
1252 1
1311 1
1128 1
1515 1
1682 1
888 2
3042 1
1261 2
1246 1
1480 1
945 1
910 2
1085 1
1215 2
1639 1
1264 1
1423 1
1084 1
1099 1
1243 1
823 2
1280 1
1453 1
1278 1
903 2
940 1
897 1
836 1
2624 1
883 1
1284 1
1273 1
848 2
1360 1
1180 1
906 1
956 1
1697 1
810 3
764 4
1715 1
937 1
1518 1
881 1
1513 1
1473 1
853 2
1150 1
889 6
1250 1
1196 1
819 1
869 1
1069 1
1481 1
1265 1
1389 1
1118 1
1138 1
1371 1
1057 1
856 1
1442 1
1131 1
1304 1
797 2
730 2
1091 1
1632 1
716 6
778 1
1039 1
1089 1
1288 1
1242 1
1576 1
947 2
1152 2
855 3
1053 1
798 1
914 1
842 4
1056 4
1026 1
1093 1
835 2
1179 2
1083 1
1307 1
950 1
961 2
954 1
1382 1
952 1
1227 1
1319 2
789 1
1738 1
814 4
782 4
1411 1
696 10
1218 1
1328 1
1520 1
1044 1
1337 1
987 3
922 3
786 3
863 2
972 2
885 2
780 3
1556 1
991 2
1025 2
1067 3
844 2
1165 3
698 7
1014 1
1477 1
1711 1
770 4
774 2
1082 2
1221 1
1628 1
1419 1
847 2
917 2
1063 2
1139 2
1538 1
1315 1
1125 2
1176 2
1171 1
1263 1
870 3
1051 1
1619 1
830 1
832 3
822 2
1009 2
894 3
979 2
874 2
941 5
751 4
1654 1
3108 1
1367 1
934 1
633 5
1042 3
1177 2
1357 1
1054 2
1109 1
1609 1
898 3
676 5
916 2
1199 1
1396 1
1316 1
1047 4
1275 1
1459 1
1627 1
994 2
1484 2
1132 2
828 1
685 8
1709 1
1266 1
773 2
1097 1
794 3
864 1
837 5
1175 3
1017 2
968 1
821 3
1542 1
1202 2
651 4
1281 1
1230 1
718 6
1454 1
669 8
1052 1
1055 1
1166 1
725 10
918 1
948 2
843 1
766 4
984 2
854 4
865 2
1151 2
710 4
1059 1
1070 4
620 7
744 3
740 6
983 1
860 4
891 2
1504 2
1164 1
995 1
907 2
1170 1
1568 1
949 2
1148 2
909 2
872 5
1193 2
602 11
1692 1
1377 1
1002 1
840 4
970 1
1208 1
1076 3
989 1
1195 3
1137 1
1191 2
1312 1
1415 1
772 4
971 4
925 3
876 5
2453 1
712 6
1086 1
929 3
1040 2
905 4
958 2
1010 2
1012 1
1005 2
964 4
595 8
608 6
1027 1
767 5
838 6
628 10
1075 1
776 6
781 2
911 3
1033 2
671 5
849 1
711 4
1736 1
788 2
784 7
1350 2
1094 1
747 4
682 8
760 3
924 5
857 2
850 6
966 1
990 1
663 11
928 2
975 7
921 1
817 4
1004 1
1136 2
719 5
655 10
942 1
926 3
908 3
498 13
736 7
981 3
753 3
1121 1
1200 2
1390 2
931 1
727 6
706 8
808 3
919 1
820 4
771 3
892 3
1011 2
1032 2
1652 1
654 6
831 4
930 3
1352 1
701 3
1287 1
1456 1
2425 1
684 11
709 3
787 4
539 11
826 2
681 6
611 16
791 5
827 5
1222 3
634 9
1034 2
754 3
605 9
686 7
644 12
1181 2
694 4
733 3
1338 1
2608 1
867 2
554 14
793 5
1130 2
807 3
1106 4
816 6
743 5
1107 2
1631 1
852 2
1483 2
893 2
637 9
1333 2
667 8
1279 2
567 12
799 5
955 2
750 3
674 6
626 9
1599 1
305 89
212 199
1035 1
294 89
2014 1
273 108
1096 1
373 45
239 131
1062 2
806 4
346 67
399 34
378 53
357 44
350 59
181 262
303 91
355 61
1178 2
271 121
341 55
298 94
741 6
257 129
1080 1
729 8
1552 2
408 45
1231 2
291 85
307 85
377 45
401 46
395 33
391 46
1214 1
217 173
405 46
253 131
243 115
327 74
358 62
206 202
329 71
226 167
322 81
344 58
403 28
172 292
230 162
372 44
232 142
289 93
242 138
717 6
308 85
240 134
404 40
203 195
299 78
1122 2
241 131
311 82
389 34
167 302
371 38
227 173
1050 1
261 130
336 78
288 106
162 329
349 56
228 149
301 105
1124 1
352 33
354 44
314 78
224 174
198 228
1021 2
165 284
209 186
105 889
365 40
769 8
144 442
597 15
188 231
296 61
535 22
1358 1
126 547
142 413
965 3
252 121
132 460
208 205
287 81
1110 1
199 202
221 164
369 49
277 123
282 91
258 124
256 127
140 443
143 398
362 47
319 77
262 102
245 145
281 95
249 115
223 171
1365 1
542 19
1879 1
138 425
293 93
328 87
351 57
202 201
1887 1
146 417
969 5
592 15
183 252
306 95
248 146
380 54
218 182
186 250
284 94
295 72
233 148
624 15
215 188
1038 3
2004 1
263 101
122 577
178 292
1001 2
742 10
333 59
99 853
580 8
1912 1
171 309
488 30
79 1310
902 4
236 150
153 374
376 40
131 536
159 343
982 2
137 478
119 636
959 2
89 1136
912 2
276 99
158 357
396 48
1219 3
400 38
762 6
2094 1
353 48
211 203
915 7
92 973
97 883
920 2
123 509
946 3
532 12
193 236
128 506
951 4
229 147
213 200
348 53
74 1445
161 349
2008 1
267 94
313 103
238 146
90 1010
913 5
197 221
1020 2
292 81
205 222
1028 3
168 321
266 120
363 52
1186 3
286 107
121 610
66 1775
475 31
57 2385
31 7118
54 2664
877 2
194 228
324 53
534 20
125 556
189 249
68 1780
152 414
81 1307
44 3937
1790 1
49 3207
63 2068
886 4
160 331
42 4149
169 313
992 3
334 67
135 459
452 38
43 3966
866 3
39 4869
862 3
379 40
180 256
88 1085
76 1368
899 4
187 246
156 333
460 28
51 2952
250 123
192 270
474 18
65 1898
259 106
60 2260
444 31
1267 1
35 5772
858 3
234 141
53 2762
150 367
973 5
455 35
46 3668
447 36
1270 1
38 5030
861 3
34 6056
83 1255
177 244
166 303
575 12
489 19
80 1311
279 94
274 97
75 1411
416 25
7 92590
114 665
17 20094
216 185
10 49877
833 7
87 1091
432 38
23 11960
846 3
222 154
1045 3
70 1697
2010 1
269 107
573 18
164 335
19 16693
45 3681
868 6
8 72786
815 5
406 33
207 217
1030 2
3 475005
147 395
459 23
50 2997
873 3
423 34
14 27762
434 34
1766 1
25 10433
2 1259188
825 4
201 206
1024 2
4 261758
1 23106865
824 3
200 211
1023 3
109 678
12 36501
9 59396
96 932
505 10
107 768
429 34
20 15272
219 168
1769 1
28 8547
851 4
1747 1
6 122546
5 171258
613 21
204 212
52 2964
875 7
251 140
1074 3
21 14023
220 173
29 7958
210 158
155 346
58 2403
425 32
16 22278
94 973
47 3556
246 118
427 30
18 18102
841 5
235 126
1058 1
36 5540
450 26
41 4394
112 683
424 37
15 24938
214 163
1037 2
37 5281
331 55
40 4566
93 959
110 704
933 4
13 31390
304 78
431 35
22 13014
845 6
11 42169
834 5
420 35
323 78
721 11
124 571
129 564
1773 1
32 6743
231 174
136 459
1877 1
30 7566
285 92
86 1127
91 961
1768 1
27 9012
487 23
78 1382
33 6461
64 1908
887 7
493 31
84 1102
98 909
318 75
566 17
157 330
59 2214
882 3
82 1174
184 244
151 354
974 3
366 54
175 291
998 2
55 2661
878 4
24 11212
588 14
997 1
174 293
179 278
600 14
191 252
345 49
104 752
927 4
77 1370
900 3
69 1745
524 15
115 638
938 3
62 2037
1849 2
108 679
149 392
101 841
56 2411
2620 1
879 2
139 465
962 5
145 391
26 9550
225 168
1048 3
272 133
1095 3
73 1534
154 384
182 220
130 521
953 3
337 68
116 663
509 18
1841 1
100 863
923 3
330 62
739 7
106 740
117 652
316 75
113 711
470 29
1293 2
1802 1
61 2191
260 122
170 289
993 2
71 1657
270 114
278 102
111 705
529 23
120 616
185 208
1808 1
67 1743
890 5
176 275
134 476
102 868
196 232
1019 1
141 413
148 424
494 22
85 1185
247 135
48 3151
133 467
163 356
127 520
527 13
118 665
72 1549
895 5
190 268
95 926
103 799
466 26
335 59
1158 1
297 75
173 305
315 72
589 14
463 33
569 8
664 8
244 113
1978 1
237 147
343 53
713 5
419 37
677 11
464 25
340 55
551 11
528 15
763 6
300 75
302 80
625 6
594 5
342 71
795 9
568 16
503 21
514 17
428 32
631 13
290 90
264 113
446 32
615 8
435 31
640 13
530 18
490 34
255 128
320 70
338 69
374 60
737 9
265 116
1088 2
481 23
714 5
1135 2
312 74
486 23
728 11
356 44
574 18
407 35
382 41
1205 1
515 24
370 57
456 27
414 28
1237 1
513 18
668 10
559 17
777 8
268 107
692 5
495 24
384 44
361 45
650 11
449 33
359 43
426 35
280 104
326 72
1149 2
469 23
451 24
748 5
726 6
757 11
309 79
525 15
623 11
643 7
543 19
582 11
283 97
526 19
458 35
472 28
1295 1
398 39
502 12
695 9
386 54
2108 1
367 57
321 68
195 212
1018 1
520 18
579 18
544 17
440 25
2080 1
339 55
768 5
484 24
557 12
670 13
437 37
497 16
383 52
545 21
752 4
332 55
812 5
409 27
410 47
402 54
581 17
462 46
653 6
555 12
415 28
347 74
457 17
254 104
317 77
473 30
800 7
538 19
388 42
531 23
678 9
441 26
504 18
572 18
360 58
1183 1
477 24
687 10
632 14
390 34
593 9
1416 1
688 8
1511 2
422 25
411 44
553 13
438 27
585 15
617 8
639 6
517 21
612 15
468 28
2212 1
471 31
413 30
796 3
454 31
364 50
368 50
375 39
453 23
565 14
385 41
672 10
480 25
704 5
723 5
439 32
381 42
541 18
421 25
496 24
519 29
658 7
442 30
445 31
657 10
590 11
756 6
393 32
563 13
436 24
1259 2
275 97
647 9
533 15
705 8
392 37
501 17
548 9
310 76
546 9
506 23
621 3
550 15
491 26
598 8
607 16
690 8
679 9
731 5
500 15
715 5
570 21
508 16
558 11
510 27
511 20
603 19
601 4
652 9
662 6
783 4
583 8
461 26
499 23
325 64
649 11
577 14
2544 1
803 4
467 21
576 16
476 23
591 10
417 26
622 14
1517 1
540 23
675 8
660 7
761 3
638 8
609 8
818 3
735 5
722 7
448 25
556 12
387 33
1210 1
433 28
616 6
412 34
636 10
610 10
641 12
691 9
689 11
702 10
512 22
732 5
430 37
483 20
586 8
536 15
693 6
521 23
482 24
666 10
707 7
809 6
560 7
665 3
397 39
1559 1
619 8
562 15
478 20
485 28
596 10
642 5
578 14
507 25
584 14
697 8
523 12
646 4
2487 1
746 8
745 7
708 6
606 10
418 23
547 13
680 11
604 13
630 12
479 27
599 13
552 20
683 3
720 7
749 9
656 9
443 24
738 4
516 17
635 7
734 2
802 2
2440 1
699 3
561 17
775 6
465 27
659 9
614 8
724 6
673 4
492 23
785 6
587 6
629 12
700 6
549 9
518 12
537 8
564 14
522 13
394 43
627 6
618 12
645 9
792 4
755 5
703 4
661 8
571 13
765 6
811 3
